17
91 127 186 38 105 36 135 30 5 63 84 284 87 140 74 47 130
167 133 94 125 3 225 115 268 286 8 258 20 66 208 223 48 255
237 2 56 164 108 252 27 160 175 46 112 53 156 113 262 95 72
104 110 239 13 18 80 132 169 62 26 4 153 166 283 121 21 279
193 228 240 149 68 44 244 170 70 235 28 232 67 157 188 181 254
37 119 233 191 117 288 19 196 52 218 129 282 172 203 144 168 99
265 224 83 73 136 17 247 102 16 220 263 200 201 146 266 57 236
192 216 142 40 158 100 173 33 159 180 9 190 272 124 202 280 163
81 184 14 198 86 275 251 222 148 176 6 11 41 177 93 71 78
253 234 85 75 260 277 151 10 54 45 34 226 106 162 287 154 7
243 257 89 179 215 274 123 24 29 82 139 207 128 204 31 126 90
241 185 101 269 98 1 23 138 114 35 161 206 15 122 22 199 194
61 278 25 227 276 147 256 264 145 150 107 88 273 69 58 109 79
221 51 249 97 246 189 43 50 141 285 211 76 92 64 49 213 270
178 174 219 182 134 155 12 210 229 267 212 39 32 271 65 230 55
197 242 214 245 250 248 205 152 77 183 137 143 131 118 111 96 0
116 59 103 165 217 42 120 281 171 259 60 261 187 231 209 195 238
